costs:[0.6931471805599453, 0.5845083636993086, 0.46694904094655476, 0.37600686694802077, 0.3314632893282513, 0.30327306747438293, 0.2798795865826048, 0.26004213692587574, 0.24294068467796623, 0.22800422256726066, 0.21481951378449635, 0.20307819060644985, 0.1925442771670686, 0.18303333796883503, 0.17439859438448876, 0.16652139705400335, 0.15930451829756614, 0.15266732471296504, 0.1465422350398234, 0.14087207570310162]
Y_prediction_test:[[1. 1. 1. 1. 1. 1. 0. 1. 1. 1. 0. 0. 1. 1. 0. 1. 0. 1. 0. 0. 1. 0. 0. 1.
  1. 1. 1. 0. 0. 1. 0. 1. 1. 0. 1. 0. 0. 1. 0. 0. 1. 0. 1. 0. 1. 0. 0. 1.
  1. 0.]]
Y_prediction_train:[[0. 0. 1. 0. 0. 0. 0. 1. 0. 0. 0. 1. 0. 1. 1. 0. 0. 0. 0. 1. 0. 0. 0. 0.
  1. 1. 0. 1. 0. 1. 0. 0. 0. 0. 0. 0. 0. 0. 1. 0. 0. 0. 1. 0. 0. 0. 0. 1.
  0. 0. 1. 0. 0. 0. 1. 0. 1. 1. 0. 1. 1. 1. 0. 0. 0. 0. 0. 0. 1. 0. 0. 1.
  0. 0. 0. 1. 0. 0. 0. 0. 0. 0. 0. 1. 1. 0. 0. 0. 1. 0. 0. 0. 1. 1. 1. 0.
  0. 1. 0. 0. 0. 0. 1. 0. 1. 0. 1. 1. 1. 1. 1. 1. 0. 0. 0. 0. 0. 1. 0. 0.
  0. 1. 0. 0. 1. 0. 1. 0. 1. 1. 0. 0. 0. 1. 1. 1. 1. 1. 0. 0. 0. 0. 1. 0.
  1. 1. 1. 0. 1. 1. 0. 0. 0. 1. 0. 0. 1. 0. 0. 0. 0. 0. 1. 0. 1. 0. 1. 0.
  0. 1. 1. 1. 0. 0. 1. 1. 0. 1. 0. 1. 0. 0. 0. 0. 0. 1. 0. 0. 1. 0. 0. 0.
  1. 0. 0. 0. 0. 1. 0. 0. 1. 0. 0. 0. 0. 0. 0. 0. 0.]]
w:[[ 0.00961402]
 [-0.0264683 ]
 [-0.01226513]
 ...
 [-0.01144453]
 [-0.02944783]
 [ 0.02378106]]
b:-0.01590624399969298
learning_rate:0.005
num_iterations:2000
